4294967278,132
4294967278,131
4294967278,130
4294967278,129
4294967278,128
4294967278,127
4294967278,126
4294967278,125
4294967278,124
4294967278,123
4294967278,122
4294967278,121
4294967278,120
4294967278,119
4294967278,118
4294967278,117
4294967278,116
4294967278,115
4294967278,114
4294967278,113
4294967278,112
4294967278,111
4294967278,110
4294967278,109
4294967278,108
4294967278,107
4294967278,106
4294967278,105
4294967278,104
4294967278,103
4294967278,102
4294967278,101
4294967278,100
4294967278,99
4294967278,98
4294967278,97
4294967278,96
4294967278,95
4294967278,94
4294967278,93
4294967278,92
4294967278,317
4294967278,91
4294967278,90
4294967278,89
4294967278,87
4294967278,86
4294967278,85
4294967278,84
4294967278,83
4294967278,82
4294967278,81
4294967278,80
4294967278,79
4294967278,78
4294967278,77
4294967278,76
4294967278,75
4294967278,74
4294967278,73
4294967278,72
4294967278,71
4294967278,70
4294967278,69
4294967278,68
4294967278,67
4294967278,66
4294967278,65
4294967278,296
4294967279,84
4294967279,83
4294967279,81
4294967279,79
4294967279,77
4294967279,76
4294967279,75
4294967279,74
4294967279,69
4294967279,61
4294967279,60
4294967279,59
4294967279,57
4294967279,55
4294967279,54
4294967279,52
4294967279,49
4294967279,47
4294967279,42
4294967279,41
4294967279,34
4294967279,33
4294967279,30
4294967279,29
4294967279,27
4294967279,22
4294967279,20
4294967279,19
4294967279,16
4294967279,15
4294967279,14
4294967279,9
4294967279,8
4294967279,6
4294967279,5
4294967278,389
4294967278,388
4294967279,7
4294967278,545
4294967279,4
4294967279,186
4294967294,521
4294967294,522
4294967294,524
0,5
4294967294,5
4294967294,129
4294967294,0
4294967294,90
4294967294,87
4294967279,262
4294967278,303
4294967278,429
4294967279,357
4294967279,327
355,5
4294967279,251
4294967278,254
4294967294,8
4294967279,372
355,3
355,2
355,1
4294967294,17
4294967294,9
4294967294,67
4294967294,43
4294967294,25
4294967294,84
4294967279,249
4294967279,248
4294967279,278
4294967278,246
4294967294,53
4294967294,26
4294967294,1413
4294967294,29
4294967294,28
4294967294,27
4294967279,246
4294967278,244
4294967294,201
4294967294,44
4294967294,93
4294967294,95
4294967294,22
4294967278,263
4294967279,242
4294967278,573
4294967279,259
4294967278,387
4294967279,237
4294967278,236
4294967279,236
4294967278,234
353,5
4294967278,230
4294967279,234
4294967278,232
353,3
353,2
353,1
4294967279,232
4294967279,230
4294967279,228
4294967279,226
4294967278,224
4294967279,224
4294967278,222
4294967279,222
4294967279,276
4294967278,386
4294967279,281
4294967279,214
4294967278,212
4294967279,213
351,5
4294967279,211
4294967279,212
351,3
351,2
351,1
4294967278,210
4294967278,208
4294967279,209
4294967278,207
4294967279,208
4294967278,206
4294967279,207
4294967278,205
4294967278,385
4294967294,427
4294967279,205
4294967279,202
4294967278,200
4294967279,201
4294967278,199
349,5
4294967278,197
4294967279,200
349,3
349,2
349,1
4294967278,537
4294967279,199
4294967279,198
4294967279,197
4294967279,196
4294967278,553
4294967279,195
4294967279,194
4294967278,384
4294967279,172
4294967278,256
347,5
4294967279,149
347,3
347,2
347,1
4294967278,169
4294967278,187
4294967279,263
4294967279,147
4294967279,290
4294967278,569
4294967278,568
4294967279,383
4294967278,182
4294967279,144
4294967278,181
345,5
4294967278,171
4294967279,169
4294967278,179
345,3
345,2
345,1
4294967279,142
4294967279,141
4294967279,140
4294967278,172
4294967279,378
4294967279,306
4294967278,170
4294967279,305
4294967278,275
4294967278,135
4294967279,351
4294967278,425
343,5
4294967279,324
4294967278,424
4294967279,325
343,3
343,2
343,1
4294967278,423
4294967278,409
4294967278,408
4294967279,233
4294967278,407
4294967279,231
4294967278,406
4294967294,178
4294967294,149
4294967294,401
4294967294,180
4294967294,184
4294967279,336
4294967278,405
4294967278,554
4294967279,322
4294967278,563
4294967279,227
4294967278,419
4294967279,225
4294967278,404
341,5
4294967278,402
4294967279,223
4294967278,403
341,3
341,2
341,1
4294967278,557
4294967279,221
4294967279,219
4294967279,166
4294967278,158
4294967278,157
4294967279,143
4294967278,156
4294967278,154
4294967278,150
4294967279,137
4294967278,149
4294967279,158
339,5
4294967278,147
4294967279,155
339,3
339,2
339,1
4294967278,146
4294967278,145
4294967278,144
4294967279,152
4294967278,143
4294967279,217
4294967279,277
4294967279,282
4294967293,131
4294967293,130
4294967293,129
4294967293,128
4294967293,127
4294967293,126
4294967293,125
4294967293,124
4294967293,123
4294967293,122
4294967293,121
4294967293,120
4294967293,119
4294967293,118
4294967293,117
4294967293,116
4294967293,115
4294967293,114
4294967293,113
4294967293,112
4294967293,111
4294967293,110
4294967293,109
4294967293,108
4294967293,107
4294967293,106
4294967293,105
4294967293,104
4294967293,103
4294967293,102
4294967293,101
4294967293,100
4294967293,99
4294967293,98
4294967293,97
4294967293,96
4294967293,95
4294967293,94
4294967293,93
4294967293,92
4294967293,91
4294967293,90
4294967293,89
4294967293,87
4294967293,86
4294967293,85
4294967293,84
4294967293,83
4294967293,82
4294967293,81
4294967293,80
4294967293,79
4294967293,78
4294967293,77
4294967293,76
4294967293,75
4294967293,74
4294967293,73
4294967293,72
4294967293,71
4294967293,70
4294967293,69
4294967293,68
4294967293,67
4294967293,66
4294967293,65
4294967293,64
4294967293,63
4294967293,62
4294967293,61
4294967293,60
4294967293,59
4294967293,58
4294967293,57
4294967293,56
4294967293,55
4294967293,54
4294967293,53
4294967293,52
4294967293,51
4294967293,50
4294967293,49
4294967293,48
4294967293,47
4294967293,46
4294967293,45
4294967293,44
4294967293,43
4294967293,42
4294967293,41
4294967293,40
4294967293,39
4294967293,38
4294967293,37
4294967293,36
4294967293,35
4294967293,34
4294967293,33
4294967293,32
4294967293,31
4294967293,30
4294967293,29
4294967293,28
4294967293,27
4294967293,26
4294967293,25
4294967293,24
4294967293,23
4294967293,22
4294967293,21
4294967293,20
4294967293,19
4294967293,18
4294967293,17
4294967293,16
4294967293,15
4294967293,14
4294967293,13
4294967293,12
